142
813
825
44
459
195
635
235
828
643
960
168
157
869
719
294
192
801
822
853
463
804
99
745
893
556
176
759
611
111
834
686
944
773
102
991
791
59
994
702
934
654
127
165
118
570
787
685
23
516
12
204
380
243
153
69
164
799
284
751
100
26
956
631
133
730
908
477
630
88
429
806
365
428
648
734
746
879
442
19
485
845
70
488
72
993
656
191
372
784
308
535
927
478
223
412
418
667
353
347
425
874
838
914
341
892
713
632
496
803
274
242
409
1000
756
660
316
51
91
397
473
542
378
198
481
821
503
805
987
716
820
36
779
439
581
226
332
163
723
299
614
83
613
76
277
981
891
650
636
435
175
715
790
96
689
247
151
470
678
457
232
420
40
326
370
564
336
399
881
343
67
480
979
537
849
642
523
754
609
119
393
898
548
494
977
818
760
776
568
259
110
246
529
912
664
35
761
291
188
476
617
479
545
670
930
974
361
710
592
681
645
464
720
782
911
443
122
468
265
288
103
999
458
209
8
590
894
55
112
565
120
42
673
507
584
451
903
297
396
996
695
275
224
167
182
128
844
228
839
988
831
201
527
519
951
181
812
179
346
968
139
270
703
220
302
298
186
426
539
497
75
521
722
929
921
966
659
530
490
78
802
880
967
24
699
109
374
544
992
718
513
947
819
415
379
285
653
552
586
599
748
84
219
491
230
591
583
851
351
89
738
873
337
447
410
865
810
94
321
587
7
263
131
931
832
612
637
237
146
597
475
940
709
764
359
926
916
679
323
472
563
663
740
190
62
502
572
793
413
984
680
989
264
918
197
889
345
517
449
454
675
896
377
728
949
862
132
278
53
780
932
440
731
434
49
117
970
280
688
216
161
63
252
861
469
355
199
366
920
847
159
946
877
629
269
404
97
841
178
356
329
446
381
444
486
696
980
101
2
268
749
588
367
936
402
829
789
771
408
375
352
427
547
135
143
281
798
493
666
705
543
978
307
608
253
690
282
676
910
913
385
655
768
538
830
955
528
322
105
271
389
148
616
324
149
867
421
4
619
638
498
626
180
701
902
907
727
184
683
953
333
54
541
368
158
736
971
808
293
18
405
43
915
508
579
27
129
596
795
866
982
15
945
46
256
64
976
162
671
807
576
856
5
753
187
639
327
546
885
786
842
215
628
150
783
938
155
320
71
342
504
125
569
240
406
757
173
850
335
634
871
21
466
750
604
391
886
623
33
422
998
697
762
13
512
610
747
411
452
47
185
835
794
606
997
325
387
80
400
25
11
431
273
68
788
875
221
289
196
30
995
536
145
140
899
495
362
424
57
559
206
505
213
147
154
210
905
296
684
763
752
193
925
358
958
950
6
211
292
249
928
286
395
672
290
717
554
455
549
691
986
904
85
305
721
438
620
276
657
737
514
646
935
772
77
207
937
170
314
520
107
585
56
474
729
74
50
371
975
769
238
279
169
245
260
262
130
17
941
156
200
878
837
649
694
95
441
287
328
3
456
506
662
624
741
826
575
82
39
414
509
868
354
644
254
45
674
108
283
417
1
416
467
309
962
0
770
462
471
214
500
98
909
883
735
561
743
22
755
732
137
809
774
144
534
625
777
92
531
136
567
983
369
90
843
222
964
854
202
870
460
363
16
792
244
233
317
733
266
93
658
540
388
887
550
698
901
208
848
492
524
398
349
66
116
231
403
315
515
593
726
134
386
501
957
766
401
594
217
811
483
394
205
742
778
785
384
172
651
533
295
522
10
331
445
589
566
840
79
532
525
872
833
603
836
250
917
600
888
708
682
225
334
939
652
948
692
376
272
693
303
562
965
32
797
933
350
876
669
194
714
212
20
641
301
897
304
29
922
924
348
511
114
711
668
171
126
855
338
311
724
152
482
551
177
985
582
990
959
364
601
38
373
857
553
465
218
203
453
319
340
615
765
37
860
106
605
815
227
510
58
739
621
969
48
706
174
827
973
796
952
423
963
31
183
640
700
923
300
622
823
647
767
339
817
677
360
598
884
430
595
257
28
578
906
580
73
943
229
890
633
781
312
166
357
758
859
407
577
318
571
234
52
239
687
306
526
518
41
972
65
489
141
437
627
484
725
846
450
858
607
433
661
382
60
267
824
432
744
189
487
863
557
236
255
258
14
113
574
961
61
665
814
954
919
558
138
555
436
816
560
81
864
775
383
392
34
261
124
900
618
895
602
121
87
712
707
160
448
330
241
461
123
390
9
852
882
86
942
313
704
800
310
251
115
573
104
499
344
419
248